0.001	1.63359	1.59019
0.00105956	1.63318	1.58854
0.00112267	1.63276	1.58684
0.00118953	1.63232	1.58508
0.00126038	1.63186	1.58326
0.00133545	1.63139	1.58138
0.00141499	1.6309	1.57944
0.00149927	1.63039	1.57743
0.00158857	1.62986	1.57536
0.00168318	1.62932	1.57321
0.00178343	1.62875	1.571
0.00188965	1.62817	1.56871
0.0020022	1.62756	1.56634
0.00212145	1.62693	1.56389
0.00224781	1.62628	1.56136
0.00238169	1.6256	1.55874
0.00252354	1.6249	1.55603
0.00267384	1.62418	1.55323
0.0028331	1.62342	1.55033
0.00300184	1.62264	1.54733
0.00318063	1.62184	1.54423
0.00337006	1.621	1.54102
0.00357079	1.62013	1.5377
0.00378346	1.61923	1.53426
0.00400881	1.6183	1.53071
0.00424757	1.61733	1.52703
0.00450056	1.61633	1.52322
0.00476861	1.61529	1.51929
0.00505263	1.61421	1.51521
0.00535357	1.6131	1.511
0.00567243	1.61194	1.50664
0.00601028	1.61075	1.50213
0.00636825	1.6095	1.49747
0.00674754	1.60822	1.49264
0.00714943	1.60688	1.48765
0.00757525	1.6055	1.4825
0.00802643	1.60407	1.47716
0.00850449	1.60259	1.47165
0.00901102	1.60105	1.46596
0.00954772	1.59946	1.46007
0.0101164	1.59781	1.45399
0.0107189	1.59609	1.44772
0.0113573	1.59432	1.44124
0.0120338	1.59248	1.43455
0.0127505	1.59058	1.42765
0.0135099	1.58861	1.42054
0.0143146	1.58657	1.41321
0.0151672	1.58445	1.40566
0.0160705	1.58226	1.39788
0.0170277	1.57999	1.38987
0.0180419	1.57764	1.38163
0.0191164	1.5752	1.37317
0.020255	1.57268	1.36446
0.0214614	1.57006	1.35553
0.0227397	1.56736	1.34636
0.024094	1.56456	1.33696
0.0255291	1.56166	1.32732
0.0270496	1.55865	1.31746
0.0286607	1.55554	1.30736
0.0303677	1.55233	1.29705
0.0321764	1.549	1.28651
0.0340929	1.54555	1.27576
0.0361234	1.54199	1.2648
0.0382749	1.5383	1.25365
0.0405546	1.53449	1.24229
0.04297	1.53054	1.23075
0.0455294	1.52647	1.21904
0.0482411	1.52225	1.20716
0.0511143	1.51789	1.19513
0.0541587	1.51339	1.18296
0.0573844	1.50874	1.17066
0.0608022	1.50393	1.15824
0.0644236	1.49897	1.14572
0.0682607	1.49385	1.13311
0.0723263	1.48857	1.12043
0.0766341	1.48312	1.10769
0.0811984	1.4775	1.09491
0.0860346	1.4717	1.0821
0.0911589	1.46573	1.06928
0.0965883	1.45958	1.05647
0.102341	1.45325	1.04368
0.108437	1.44673	1.03093
0.114895	1.44003	1.01824
0.121738	1.43314	1.00561
0.128989	1.42606	0.99306
0.136672	1.41879	0.980612
0.144812	1.41134	0.968276
0.153437	1.40369	0.956066
0.162576	1.39585	0.943995
0.172259	1.38783	0.932076
0.182518	1.37962	0.92032
0.193389	1.37123	0.90874
0.204907	1.36267	0.897345
0.217112	1.35393	0.886147
0.230043	1.34502	0.875155
0.243744	1.33596	0.86438
0.258262	1.32674	0.853829
0.273644	1.31739	0.843513
0.289942	1.3079	0.833438
0.307211	1.29828	0.823614
0.325509	1.28857	0.814049
0.344896	1.27875	0.80475
0.365438	1.26886	0.795725
0.387204	1.25891	0.786982
0.410266	1.24891	0.778529
0.434701	1.23889	0.770374
0.460592	1.22886	0.762525
0.488025	1.21885	0.754989
0.517092	1.20887	0.747776
0.54789	1.19896	0.740894
0.580523	1.18912	0.734352
0.615099	1.1794	0.728158
0.651734	1.1698	0.722322
0.690551	1.16036	0.716854
0.731681	1.1511	0.711761
0.77526	1.14203	0.707055
0.821434	1.1332	0.702743
0.870359	1.1246	0.698836
0.922198	1.11627	0.695342
0.977124	1.10822	0.692269
1.03532	1.10048	0.689626
1.09699	1.09304	0.68742
1.16232	1.08594	0.685656
1.23155	1.07917	0.684341
1.3049	1.07274	0.683479
1.38262	1.06667	0.683073
1.46497	1.06095	0.683125
1.55223	1.05557	0.683634
1.64468	1.05055	0.684598
1.74263	1.04587	0.686015
1.84642	1.04153	0.687878
1.9564	1.03752	0.690181
2.07292	1.03382	0.692912
2.19639	1.03042	0.696061
2.3272	1.02732	0.699614
2.46581	1.02448	0.703555
2.61268	1.02191	0.707867
2.76829	1.01957	0.712529
2.93317	1.01746	0.717521
3.10787	1.01555	0.72282
3.29297	1.01383	0.728402
3.4891	1.01229	0.734241
3.69691	1.0109	0.740312
3.9171	1.00965	0.746588
4.1504	1.00853	0.753043
4.3976	1.00753	0.759648
4.65953	1.00662	0.766377
4.93705	1.00581	0.773203
5.2311	1.00507	0.7801
5.54266	1.00441	0.787043
5.87279	1.00381	0.794008
6.22257	1.00326	0.800971
6.59319	1.00276	0.807909
6.98588	1.0023	0.814804
7.40196	1.00187	0.821635
7.84282	1.00148	0.828384
8.30994	1.00112	0.835037
8.80488	1.00079	0.841578
9.3293	1.00048	0.847994
9.88496	1.00018	0.854275
10.4737	0.999913	0.86041
11.0975	0.999658	0.866391
11.7585	0.99942	0.872211
12.4588	0.999196	0.877864
13.2009	0.998988	0.883347
13.9871	0.998793	0.888655
14.8202	0.998611	0.893788
15.7029	0.998442	0.898743
16.6382	0.998285	0.90352
17.6291	0.998139	0.908121
18.6791	0.998005	0.912546
19.7917	0.997883	0.916797
20.9705	0.997771	0.920878
22.2195	0.997669	0.92479
23.5429	0.997578	0.928537
24.9451	0.997496	0.932124
26.4308	0.997424	0.935553
28.005	0.99736	0.93883
29.673	0.997306	0.941959
31.4404	0.99726	0.944945
33.3129	0.997222	0.947792
35.2971	0.997192	0.950505
37.3994	0.997169	0.953088
39.6269	0.997152	0.955548
41.9871	0.997143	0.957888
44.4878	0.997139	0.960113
47.1375	0.997142	0.962228
49.9451	0.997149	0.964238
52.9198	0.997162	0.966147
56.0717	0.997179	0.967959
59.4113	0.997201	0.969678
62.9499	0.997227	0.97131
66.6992	0.997256	0.972858
70.6718	0.997289	0.974325
74.881	0.997324	0.975716
79.341	0.997363	0.977035
84.0665	0.997403	0.978284
89.0735	0.997446	0.979467
94.3788	0.997491	0.980588
100	0.997538	0.981649
